$ANSIBLE_VAULT;1.1;AES256
65306663393638373439303335363233323562613632303831333462303663373138326636313562
3633663733616130653631346231336630373836633837320a363930386164633337363838373237
36356162613466303161313163333539633938633533323865373134386639326539633265353531
3535366161396566610a336461666163323735386139323265303234383965366662303361353935
31626331623130366135623733383234306636376438343330666266656537376136613934363966
63303963663466356338393566313131316435356566343338366234386434343937373530323931
37636465313934346137323730653066653062336465316537643235333039333431316361353965
64323333366433363937636136343163333365346162343539303363646161653637393137613061
38333431343661306436616562333239653662363033353735646461326463656336393236656362
34333161383838396131316264613039373336373463346331396435613332386565633830343235
35666336343761336364366434326330393831353130616666643061383137643766333738323038
38363861386532313231326166303762333939363566346330613030346631396230643437363830
61386464313636346565323630356231643331343238393432653832663061343663393833396434
38396435636165623466333431353338366264346265623130346535393864373663343966363062
35386530303166663362643965333062383139396638643839396636356462306465633265383262
63323661666531376232306166616332313536616431303633653738633231633535653135646137
30323864383738393430366633666437353532333639653936663466663137613562643533346336
35623930356231313830353066323439656363643831383639633938356138333134333866323132
39343364653061396630623236336235663662396232663536343265363336393938393933323566
63363165356434333163303163323532623865636235316139646230616332346666366162373465
34326135386530656635383036333162363061343137313865613766613166653637363665323262
30626631626133386338326239663161353034363531623239303532303939376438366639323839
64613761613764663534383165656235633236646139623264613536613764353330656236663835
66616133396533623034333433396439396238323632353365346361343537373134633530363663
35656365376165366438383732316563383664373263353964373436363230353566663739383836
39396364333533613838313665636665646231363532313466383431356364616137616334326435
37386536316161323565366137396233633866656362363236623938373032316633343663393731
61613032383361613436356465353838326638633666323739346266636430643837303934346231
62366563633564643137633961336337306132386137626338656131636166363236616666356339
64363835383632353431336131633065353361646637336363383264653530663062663633633266
62613436613662613763393964636262303730326461633835613163396534636238663161613165
38663763333836656461333738653136363362363263333531383866303438353763353862386661
31343763636631396339643161626630303335346133393465616265346535333335663535313935
32666565633439373931346438373138643636656439363066363334323930613663636432653634
64336439623739666430343230323135646535383635393832376438363030636231313762336435
36346331373938653938653134356538313835316230643563323766353238323765346330363738
65346462323664356562333261393831643766383635623131383434373336313039666664653834
66366635383636313833353437626166306438376432386561376337653965393738633435616564
63663832653834376361646532646438396337376462313937626339623932633336353134373635
39326364303863643136313236613964633239303366376433353332306139663231393364623136
65666439376363313862386533633436643930613063666439333532303164633866616439626436
63383764383035323666633237376436656135383866313163663132346363313031666636666236
35306666366362366663333830663863616131363863373266383262316462393865323930393664
35643534323466663133396662666234366639633139623166373761313466643665333562616431
35616230316561633265633261396635393664336537326433333964613039333566633536383738
34356532356334353164643535383034386439663263303161323964356339663166316532343239
33393765643064666634343330326539633862323464323137383763346463303233303230343065
64613936306237373834623337303766336237633239333038376531306131363765393934623235
65643339653233396362396537336161353639613935336333336161303964376135626431303836
34306263386339633730663763353635343234666634373866386531396263363935613931346434
37303039626366626430653230363831653761643932336362663032313139666265343466616130
36366338613663633137633335616362663532373761353134613737626462356238643233353237
33663465386132393230376435373133626265663234313562303138616133663135336234366332
63633864623166393162643163636339386465626433633461303233346265373139396634323565
31343337363763303166353833313531366331643531323835623635313762386434666366616631
31613866396463323235653062663664613963373934396538313933386233366566643233316439
39383036633937326331646161343033303735373262626666326332626536303236316363663562
30363931383330333034643838633536306632383336323164643835656562353935643437346531
63643939343036383337366330306663643361393836313131663666313534653764616437363862
30626162343839646630303365383563616561633332653331373965313732353831333335363133
30666232303135333031383065303162626635613861383365613862316437656366643664626138
63633639356536333839363936326563663862393761653163393839396365666162313737393962
32303835313439323034623065336131323766633033663263613933643435396535643063316463
37313731363434346161356562393364373862613735643034383239333531633261303765646566
62336434656662333133323937323730636330653237663133323532356538636538646237383838
38303234626463663966613764333635626438633830376233353537653037346665653864333862
38323666336338623836303533623364333331363866326464316332383836353031626632366166
32613738646365393535353631623930656435393238626234636534613930386462616462333465
39373831326662353366336139333638303631353562663536376136326234646336653736363033
38323734333530613137373765666161306131306435363963646631333037643232373539306263
39346631356635636338353864303666353964656563316464363933633239376163393538356538
62343838303632363162636434646265386634623939343638623061666439323962346161653866
35653662383335383632323232643434316633333836333432383830653565653865353166656237
65396534316334343934343532363835623963363432636639383136666235613134663839616662
34346235616663626366346166613435636539343033656237653035646433633932366538616630
39306563313939376431383066383238386137353937613963313732633932613537383565303162
66343833646230643632363036383866366439326339363932336139663763363732306166333165
35643038316233633763356565346336336366306639636662353831626566313063346261373135
64666633313334396331386633353739363863323739316430393832353734663665343133346637
39366331343965643239366431373966343963393561616530656164346434366634643435393661
35663661633064316661343562633137613561383538653566623132326166393861353061356462
65333437643934323562333066623235323336393634363565383736303738616437316437623339
66383030343536316439396538643039363534336363356232353934303737633062333634316666
38363637376530623962643635623332633231356131393163323933373930323661646565656330
36393764396130383365316466636566663961393432653131303036656634633437306238356233
32383763326533363863323739386462633561376431343231363739306165623131306562613131
31663433333766643830343866316165376630306261366461323137663132316566386338663061
66383330633438343830383539666533613930646662336362366566383639363630376536323136
35333061626535363431323431663935376234363365626632353133313564313035376538316533
30663539393330663738626531623935643330633863306335323834356432386135616233626432
66306633376439623638653135303634663639633737393438363961643834393535363365373861
33613965613330323266313037323632666234343034393965616461323538323734623435663734
36376237326233666238363232613562383431396532646538653366613431633239376161303035
66323761626434636334666363396438663534303063623266353930626633383439633335643930
66346331333937393833643263646464373439336366333866633635323763306337356265353332
39623466313937376564623039626562323532653637386163633738356339646466363934303463
63643233666532616132386535663265343039373336323532663462643836643730313564643336
64623936346333623566313265343266633932313639366164313536653338366632316665653064
34316364616465373466653431613530646537646339303431666139623332393561663032356464
31376565343830393531633036633066376230656264666563336137656433376633336337383136
39623136666462633663646432623235313666653133306636623463363663643638376139616532
31343563636239323966356530613430633866396230366437393234373664376137346338313634
61623839663231343864613662356366386433393830346530643661323230356337383233653834
38613134353737336438313439633337633639643063303334313333626462346633396532666135
32643332336363646563613863383865383438366333373830623438646533666537663037646464
64653830333764653732623764613638383562346166306638633431643630363335323863616631
65373761343165653332393636386632643931633565613432393262623431373032626465656631
38373530306138626538333635323031343631306137306661666631363431343739653638666437
39393030663537663936363631623432633664376133663634353765353039656165383739613932
33326264336531643863353463396231653333396565343733613563383064313439626565616531
63323739333465386163393830613835323238326133343039383763633662306363303465336533
38343438383537373666663130636639383932383339373262653862663063666639643935373137
62646566396439323534323037653136363437303138643962393635333732663565353530373964
34636164353934636439306337363163313764386563623664653961326238356434656634396339
65393634613964373463613262393666323461613061633537343237346339343065616338333230
33346235623733623535363763303235366565653537386261346266336435613536663532623833
61303332313830326263643363373931626338393364663066363133333666663834633835336665
64343230666330353330626232366566373938633730333630626135396564333439383131396136
30303864306262323665643535653633663333366535353538346238393036646265333439663065
39643965656134616534323739396536396439313032303338356537646632326239616338373966
33373232646562326261646333643562313331633665646133353964666466393133656630383233
61336663383731313165363831333235313065356431396162616164653963646235326232623566
37643362666539333232626339353337636532396336613131656335373862346137383061356132
37373661303530636234363831643835373736353639376264373463383736343862306131623066
31326261633835636462356165333631643962303731626137383837623330336366663832633739
39363232633438373165626234613861636333303165636530343166386463303833316537313237
39366565633265656234326337613331316432366431646238373035376238636439343462613330
38313631303565656663383961373732373264383565393863623637316231393963643737316134
64386666366630323231323362626165336434353035333135316437333564313337633737353265
36386561646130376261346533656363613632643931316438666335333964383762373538636233
34623731323764313462373238653537623536663064333932343931623931653563623534666338
39356262663738346464346238626235306161303732376335306236376664343066333737343532
61616135613331373637666230383531373536623662373233343264313234343333343835316330
62653266353033333964366163346539353239336135356333663063346237383231633633653035
32363134633864636334633062393432633733343263383062376234663162373662633039303238
63316230336666656162636635353938646336366131363330356238316165626265633966383363
62323866353735623932613830636236336564343166333439663065303431643638336333616236
32323865383964613135343165356265653366386135393338316265656136373338613863646130
64313030373833636434306538393532363239656264353438646235646237316235353631343837
62623339313235643938666663303230323036336439373064623833333032373261316132393661
39306562646666346363316366636137626130326538393232313539613266656638343535393036
66383734616434343463316163326365363634393232636463333136323538323934656332363230
39316266303636313665336639313937396261393263663464616339333233376266376461306261
63323130626230333534613739643463383034666163306566356230646636313366393966313535
62613039666134373132373336633065376139366633373637613037373562616431636561343065
38323932303837326666396165396137626264636265666238386465663537613765303733323336
38653663323766626164333437306161366334363230653165356531663061363564653034666138
37353234303438303934353530633031363962343439376434396238373964343535663130323239
39306161313234636362646330313938613262346239383831313335363538343566646238396366
38373665633762396462326137373634303531643765343236656562336465646662666533393131
62343937363366643130633362633832663165366132396434383364653338303065383161633162
39363134316336623334616231396533616436366633343262653561623837313336383534356639
36383136323564396231626134333664646434366166643130323339376463393838636432383534
65613635313534636565323232346639643163663432303461663663336634373134653166666537
62373730346532643131653462316633393637613231633864623939323762333131323466343535
63383731653734306335623431313963343865373232636264653537353964343237643939323862
38616361363539666535393864626536386335373539373635626536376438303532303937386331
32623836333233353263623233313662353764343239323363363835353261656562646433346461
39626135646234386564313631366336616338346137343861353534323264356238393066343764
38346633363865613131633435303434313963343635363863356535323537633936376134646239
32613134306465353235386332373961643831313836333562313035663562373764623537643463
61656631373332633934633038393738633935666561636133393736303961363761613537343033
38323865333762323035356564386361333665623934393066323464656663346436646665646264
63626464633563326337353939323937376435633963643437646366336435383764333736643166
35343065346664376438346431633662616162613163396131646463653634393736393566643864
30326239376237393134666664343664353366616437323331363239646638376339333065306632
37346234386635383263663531663061383662316561386337363336336361336331386236656364
30373433666165373537363938353833616466633864393730663966396436656230633164626338
39396566353163323564333931343234343734366434356266376137623339313862396636356335
64333933303238306531396465313931643933353839366662313565636637363333303463396332
61623734396136613533613235653237383632336165653630643036353066336562303833613233
32353262393737303862333431343734393335626632623230343766353032323935663337316639
66633337313033646330326235313665373634666565636462356439616661353435653061646230
66643839306232363833396635393739623338323037306365666466396463656637366535303731
30306532376335663064646363373965366136313035326163373337386231646232336365346631
36613464666462366134396135373965343239346535386462616630613166663330356130653866
36616466623562616665313530366236363365653363333636343062623264306631363663363936
33333362643962316364666664633563346663393639666232356338383432663864333933343862
66363930633765383462663961616532353930363962373161313030383264363734373835623864
66386634353537633465613935613335653563316337383533653265636463656134623335633366
38316535626536363235623436393634323065386161376638396231373966323438626332646431
38616465363136386134383535626436396162633232316264656137333263643831646230633135
34633561623035353234333662613461373033646435663037653363616162643830663064313139
38346235336435653535643031613363346565646538376238303732663534613738366433333134
31316432303234366433326632633033313161666437636361623034306232386362396335383432
30346636613830386466653035646135343066336530313865386163356132373761346262326633
61383732313266346433626333643133633235326663323334376436396335336362616666663634
64323235303533333639336132306662303964353465633535353064613734386130396539373833
65313837343935306333373631333230646466343663373534623764346335343439666564643762
38313437323661353235376562386634326530326462646164363965343363316366336431373531
30313662343530653734336363663932303834663263373165666435636561623834616565636236
64303634386135323437333538613766376138346464336333643266326435316539393861313731
39653634636630343734313566316630323137363731646161393135343938343163633338323361
39326331613031373531626138303031386132366130643933353064386166656263323137316561
64626464323332656434303734613663633463313662343563326539623235316661646234383434
37393137333765666538616638336233316565386437613833386333303137653336383236613462
34336465643935336561666366346530386635386438303365383737346435373661303462666139
34666136323637626165386362666331386634333665336230323732616166356166356561643435
39383739663732323034343634313333666232323965343330646430343761376330653862323733
39303533393839343866633938653265366237656536613330616566653136373830373433623966
35396362613366306138326666633864323632623462363434303363336536383636653930336665
66666638653665356164393630316334313633306166373664373166306336373736313262646432
65313333626535653132343137613665356137363066636339373264343834376333346334336461
37616261376334653162356664353966313137613535306565376233363732653132623830363935
33393733303366663136363033323338303333353062396434383537646530333533326236303830
32363635363737353237343662653630306633323636616632303966303038623266393638363762
61333664336261383130643639376430646638376137363461373238646463396663643130626436
32356135356662653531383635303562653139663061393566633964356133666134626431373431
61323731336336646539393664623061643962393063336431633131396130373630666663303630
38323231633464363538303838636131313563663865373962333033643231346633323136653930
62333362633062346665646633646664353936336533313866613830656134373066343331626135
30663765613933383236653562323164383434313363613137623836356138373334613739646565
64613031373466343334383439393536323337623731336266363938643830616535346234653931
62383861613432366331356566383231353133336130643566353665373431633530313533323131
35373536643331366630376364656332366333393932393930656164386336313233363934633532
33393235393633363338666431323230333736393839333233336431613264353535336430616337
35383637336230626139353736663633323066323464313532313231383262633937303531366661
37313363623465626433353830373338653435613764666431393037643435666363313238383239
37366335623866343835656532636636623165303661313736613364623531643834336636623238
33613834663131366430373933643630653732303564343031656565626238396337346462646261
36666533666664643964303633373836663462653430366635333261336133363937616234633538
39623932633031386630383366643633303264346564383837313730343363366561373265643336
31333564633636653934323230376338366338373731386130383332353366396563623334666332
61633534663265316366303136356530326666323561326134346239346535636162353731613761
65373839393032646463343232316233626331323766666362663235393464356631353233613731
61393135633031303238636462363861626539353839643962343762623165326238623265626235
31633338636566376463396464336535393036363734346432303561626261363631336632643131
34396138646332383030646439353038353663663566386263333135663436656237333062623530
66323265323431666330333865373631323430346230376463393762333366383530366334343561
30613133306261303562396365633831386532656162303665633965373961663362353763643732
33383861636135386231366466633430666638303662313239323966613738356230373764326536
65363933336161633164333738306332396337616361363436353966313832316333653534383264
66396635396361646237653137646536363665613138363665326666323439633664646563383364
36313933346566306530323833373464666635656663386430303932656361326637613861353237
33633562643531306665653463643632656139386133663434653230316262383531663933663761
38396331336436633331636164306562623730383736636635623438313038356432643038363863
61353434626462353565323162613835633238323632323462303163396231363738306432653765
63653939306339653836323531383465626333616332363733386635373666653061326339373061
33663036653338303137656333316237343733326164623632303634303732373338633463396165
30613262636135663665383431616539353066363865343534653162643364643133653535393262
66343963393762393933633161653235316634303137633031383432643763303531666430616139
35363266336239666131393163373739323932616135343838373437616334643161376662653935
65343466323538653961333435363164653134336532393835626361366266373937383135313333
33323233616533656238396161613862376636363930666539393436396435336132303165346266
37323735366265613538626235353030623733613930663431396134666336323831396464613638
62663339336363363430363635376630643333373364353634643164373931393138616366323061
63666435383230376437643361653939643037633166303235326633343634396634366463386535
66353733633231306433366366393438376163303832343464666334333963643230323363323662
32356237303666346665623036326433626438363536353166346335373134303036643533353137
37326461623531643966653238336635326166346139343965383237376339366432383333653862
35613032313765396665663564643231623162633363363730656133333631653438303434313363
38646164303738313137333638363634643636356333393538373862333237633138396234336365
34636638643030386533376435616631623235613136363131653333663664373734646537323162
39663232626639326463613539323135383539383261316133313238633832346130393234646631
35363665386536333930353736653437666332656264323332353736646461313937353632396362
66346164373038363433303063653164343961346533653365306664653838333930323866356363
38636562306336323232653837323536373966393561306461333939383866616462373961613939
34303236363434646536666266376336393965633533663039386665623662353364666462386234
32643861663462613262626431366166333036383735383466623664663936653338663837353464
62386532636565383635646532393436333866353437303633616234396564346465303238303738
36616437316431343838633939393264633535393936666432636238326331383862373261653135
37393263373730353939356630393838366231616234323039623965613533316564626335643264
63333764666239663834643064633836363433366238353631626333653365346438646634373536
35643766656265383331616339613066333564636466326631346338626132323730346336363030
63363133323039373237336237333536613635643165626230643038313433353132396563326136
35316534653838623830323061666537313663623766383435346338383838373436393565346430
66616164626637343438326661383236383731363836366339346161306339323530393731303536
30363264333431643637623532313563333636666664346230333436656362333030363165326439
35633963346565663361623933343537613730373939373837313461346233363262373639636131
36373664313165613335626638326633636666303462646665383230383262613530363731396535
37316663646638313837393861656263383437646634633838346461386566646536303665613564
62666461653035613262653163376332363035326139383934616261313563343461386332326232
66383761663033616535623334663534643830653963373333363533356431346131313231336536
34343862383161366331306663313361343737623635386432626233343339333135393465383664
64333964386661653933336233393838353336373636333835643661633662346633616661613030
66383738626634613436313264353365383439353839346432633061333766373666333732326438
37653030663664653933626539353637316563656430656235323363323365363430656466353265
64306135356330616565636266633231343933333337386437633635623236393732353166343366
35633763313630666330383064316236323037373039313834616231333736633835346635643235
66366566376465636465613234393839653332386462373861346339396665646463666638303437
34306261623765326638323834343466313130633036613263623239346230383765323061333238
31343630616235363336646431623163643963343163316563646262666261633834653065396231
63313831323031626634633638363431343034666166613233313863633830323461623932333431
36363763616539623739326535633337393338663330303339373262316365653933613431336466
66376135656163373665373761616638356366343162333261613235313264383231613038343439
36333230623664386435343631653330343137666632313539323035383038646130353638336236
38336338393662393966303935383637373331333865336663373137323936613536356163303337
65336435363632303537646233663639353739633566383565353739353663303466383037306335
64663738393532646564363235623835663965303132333161303635313164643362376330636162
35393263383736366433613836393164366538386666356637373366396130303631316165343363
38326164393936363262383838363165363431636361333738376665383931306336623062336665
64313964383666316138393735373130333863363964333762313230383362353431323065636335
64333061643431363934373062303763643434303636336162656165373239326637613431643662
31353230663335393037353266643936326665303831613564636239316236383232626430393938
39353561366634373133613766326130653638656564306336303730373637306366303732633532
34383430383237653764633433613634623961313761373532646263353737653466656334663131
64653639633365353632353661303663353361623063316436363633363536633963636163663331
33653734306566396138336339383135363139383933616565383233396638653135383735636530
38353130643964356562633666316639363134366561373163643539333532656637613466383230
31626535373762666134663966393030643561666564353233346132373765306263306237303935
32633339666163323262383761663136643638346262626437323932656166643630383038363763
32336661383333356363326331363737653334393164633733396564316137643265623030383030
64363636613030663036323935373938313264313333326531626239653330383834373233653239
64306432363263656637303064663039323765323861353366363866653534313334353831666361
35346336633138346438633162636136336661366435363565336331663330653637616635653030
61646464376632373665373336336263323261623036366138316230343266343832393863336538
33343932353630663534623732653031313865643836346562366665383462376563663930383535
38346632613138613039353232626531323362623236656663326237393037386661623132356531
30363132383162623037633664666430616236643962323762353066386538646165633133613137
37363937366464626263356632323531363731623430646536643334653935383865363363353562
34646664376632613439373733666362623262623539303764343938306166353139643235343734
62383631366530363336363734653633653939643961646433326463616262303834326566313764
33336339356164353239616238633463633432626462653266653030303332613861353037366331
63626631383462626233343763666666343765626131653733393738636230356439616239393761
35316530356238346462663164323363303532343761343264643162343933303230376264333730
33373536346139333134313633356435623830393339656133313136653034643535346638663536
32336262653330383739323665336337333266353030633835303031653664616539383062366137
66346266353138346166623366393637346532386362643535633037326530373061633566313533
61626635336331613261333031326661613033396261353936326364336466323839393763393565
35363833333431383066343335393432663838663630393161653465666633613964616334633434
61313836343062323966666339633737333135663134373639313061633136653766313233343465
62663935353835396235396665373661616235643039323664343664653438313431353739373734
66353138346331363566636430383862346566363932623361363064633036633864646365393234
30613764306637366538313639356131323531636630353537323636303864336439623563313232
66643438633763656335613230323763396366306333666133666564663836393766623435396262
33346337336662633166613563316561613035616139383330633133333238386261323839356462
37336464663735623332346261303333646665346331306531633363383061663733306438366361
33383932663366336161626233306165386165656130363435303136613365633839623736373332
66393835396635336335393038386536316534366164333531663839363536363064353734643338
65646432376230663761616532353335313634636138366130666663356434656465343365636161
30353634336234373731393237353539643432653164346362343833323461363933643861626633
36326264623566623834386263303163303132356331376433383563656532353562366632636361
38653661333963343036383731336235613363393166623965623266336562656632356331633563
30613736666635386462383266353465313465366136616165386361623166613061613231363761
65373338303930353330663335313761663134616533373966303464633032356338316138653035
33326338316166366461373633303432353462393363346130623263663538663133353430623432
30616239363964663631373262323839643933323239636563613535633937643032373532373763
66653630636265306237356632303765643133396438346462623964663230313534326264363261
30396362613032396434383062353631393333633064393731343365373966663265323565303264
37303238666436633233656338653661643234306364343638383861616134363635656633653062
61316431346363313866313838663862663537323030316131663030393162616564663565376163
36626666383436656232343530633838336239626266306632613739396363396664326537616665
30336566343533396566376233363332636266393664633965363839383361346661303330633762
64633736636532303539626464633763376434336534353139353130636336383364363065633532
35626133373762326532336364306232643936323839373464643634396366373834643235343532
39303735346565303565613337326532666533643636656433666662393930663965363964333365
65623132636332333934393862393930656133613934343433383761343632333535656537393530
38323732333234346461626538633563333131326334613231306263306633613933396234313834
63386164323832363632336639663634663634393434333135656438636632333439393234383239
30653532643238383963393831323064346337626135326232653335663638366138616438643434
66613566366461303333333163306430316538366431666332386330316131323665366232383163
31353331656234323966376533623239623338313566333662393861336565656235306631343963
31666634366137333262373862636361386161646435313863363130316335363338663461653431
39626238663634313037646134343935663432383163316339393932366261303966323766306139
37656561393139653966316663303232343866343864346564376365353864333763646239306262
38323034346135336138636564313563613536343366373131336333653531356262636337313164
65313262653039626362393536356635656134396264653366623834333265373264336339626335
39636332303036386132393336393634353034396163333666323730643734386436383665363664
39343439666234373832373532323831336634613130663233333031363238633437376333666464
61636566393666323036313536313538653462383033633365393833366136326330373433356661
32326362376263363433323865303632636265313363613935626233303538306662333237663865
30663866316133356139306565663565393537636331303662353232323262343961326635343833
37613063636264396134616565343334653833373165313136363630653637653936633930383531
64306235316533643030353537383535313232623865643139623866613264663161363139313036
36376634373864383038313730666235356436666336646534646231636637313263666237616439
31623739353263663439613631366361376262333965396163663131643462373833303638363735
37343533383539343934303337303565366233393764346138353764626462643661643439336131
38373736343262333764346531643936316333613161346165376233626532303764306564343138
36396337633966386439333962396264363639373035636165366266656533363533663063323565
38333662353361616165636531306334393731313164313665346635316264626136396436643730
38323330353837376432383463663636633937323032353965643235643663666430326530343962
64376665363062313934363931636132383230646263303665363134343330366437666533326261
32336437656439316639323233346561656632633261616131633335383537373435633365633232
38613437313037643231643336626436303130373665633834623561623163653439306137643538
32373432353763363037313434633861363161623439623165376631326333323538656162616462
33383465613233396632326366313235386335636637366531363734356137333130633236343330
62643066333931386530316232363762333264326361313133333530653766316633643035346138
36323931346533353038303234363933353032373836363061343762303662323638616237313333
30373235326436323232363839343062336631386461663366383561336661306636646231393732
64623066383537633633353339363265336338616632356138363132343934643566656561366637
61393833376133343338323136613863313362373934353266643831643565333239643535316235
65383830326366326137313665393036396234643734303830383965353063613439316365353165
37303338363431623030366565363364383634363235323464636661653335356239663132666439
62313239613634626162396437666536613062306439363363336637363362373231626433663131
66633938653633653136653262663036656662663537346634323462333464653462396166636636
30343738356134613535613334323766623835306638636266366262663032323661356161333762
36373962373734666130373135373465373634303434333564333266633434646633633365346139
31646139636236633036353861306431313964396364666438643864623338336431353630643565
37366536313736616632363263333839383138353833353235663366336136613664303537623030
62373862303962663637613037663636303137646437303237393730623334656263333736396331
31303132313465643939336230613833633337373134326335386233363534306131616561313130
66393337306235663831383464366431383933666536626135643034323435303731346330613737
36343239326263656336386335336266366638373066636264656663336330363833353835356161
31613432366464366563303030616135363963323839393138303532383635323036356461666262
61326235343336393131363838303263663561396266336563646633303939396538346336303863
31326532376239353263333637303362663232393561646234366530643131626563393634633932
66346535646533303637303538656665393635316533633263623531333138613138393535303631
66316366383339353664333930396335656266326462643464366636346534323761363833386230
65343862333265313461633561363032323836323731616166323163316533343134316237383937
63343833333663646532613334663564656135616534633039326538323436393736316439333764
38613264356636373564373237396137646132616234363831633866663433333864643436643133
64323631393164616463316335373966313564333834383336623030333362653739623338333837
39396366636135383264353063386165343335653737396234383731313036343939333462373764
34636161383133656465626136623032616635646133313431396638373764396534663437663937
36313738633630323964653833313761623837646338633735636333643133373366643134343339
38643562313133373838336338336664353837306437386636626431306432363164363365653737
36363362383162626364386131373535636131626638303464393638636337663834336366313839
31346239666661333762383237303965373238393062303236623764396661383932656164656436
34636361313131663933356137643134356636626238616362306432373630643962386338356362
62656635613132633733323365326233363035633330653838313738323835303562343030653630
32663837306137653061396562633131343137313866393632623533343063623732323263623962
66613366323562353465326130656161656265356166373461373036313161616636303633383362
65613464306238363639363461663534623138326365306432373964666337636463343437386162
39636338346365346335356536623639666632353337313965373864373531616364316132316663
31386464356634363130386631356162336232663561646333666133353963666565323561356435
66643535666339366466316438383839353837346539303534326134306135343639346630343938
30636533326133643461633239386562366538306363666334343865386263383433316639613033
32373063326665633163313963333235336134313066623962333931636133333961313238396565
66656535393832346661363361646561356530303538653030323166323533363266613066663364
61313266363633323736336261303036626163306438333331653030373265323434363865373461
36376561636435613730316164623838383866376562343261346231636161353363353836666161
36343834663266623362316266323636316439376436613461396433383035616637613536366537
37363635373133323061343733643532623564303262616630636332343935383537653230646132
36326462393530653636363034613934636637356661653435363966613930626236313366633431
65376631633436366432613963313463653661366436353962636165346266326261623966386135
39313533366465363736663730666230396264343835636339653366643734613833326231303964
33393534656533383939643364633864613163623564663833303866643132623232353266643335
37316437663033353265393735383435626632663662343136383964326338363231633963626262
32656638316366316665353031353065663561623837313935336236336366643930636562386465
65333362643034646536353634393235336161356134643939353832623265353966386361386133
31613830366538663633363133653138666633386339653838653165633538393564613334336164
38616363646262323637303737656264306638326635323562393832373663303565326633393533
35316335303935356662633433643266376631326663306665653233653033356464643338643638
36653330346466623238653163666230343262633037376236623931386139303563353066646230
31356638613563343833326363626430343364653930646435653839643030393861326230373037
36303965613732663439623934303935383464646233333635316432353332616462306266613563
34643932616638386364376363336535393239346232613432343264323838613132613232356436
66623364316663626639666366666164653536316530656335666437653761656162316164313635
33613862636538356234323764636535393064343763343732333338333136666666633037303439
39643839393936313639376166303565643463316263306638656135353661303765333563643432
33656430383462613033383765613331623039346239323134336364303963323235303537386434
64326361643231333839613361616537323432666665613465323964303434623132336236363437
62393134346435643631336163316637323339343763383235366230613533363935393034663661
38333163313634663364343232343730323963346538363239333564363463316530383666616463
30653331636634353565653036626338633236663263373031333435376431636134393063616631
38646666356363633566316263626162313964666462306663333465633265626162653139366130
63633031356438306462353437663732653265356361366335633566376436313337633562353836
34626136343330643737386463633936633232393462616231623263656332656538656266313431
66306263383333316538393139396533313037633066666162366263306635356539313966643536
39623764636536643336616430646238636532313730326432323861326538393230613363393435
32363532383732613337616432666636656465623661386332633031313534333631663261306664
30303334386337363238303534663262313439656637303365353036613861336430646131383761
63323732653931303461373163653764393133313935626636626234656666303131616535373835
61623366626634376631363134646336396530363266343038336561333363313132376132613164
39633566386438663537613037613765653638386530356263383761653930633361653366353937
61623938633936616436333930643864663734343835666637653531343839353535363535353932
64666362313362663066633637656662376130373266623939336238323532613562393762646531
32353066343361393265373835666137343037353934663863616362623665356234346162643636
30656539616361346565373262333837316232313331376364393764353238323837623733633635
65643331386139373438643534343439386661643435303230313836316464393664333133663239
66393264383735653361353062373766633761616437636262616332386165343639353262613662
37313561633062656439306432323431306237336364656232653736356165643834376665616633
39396334613865393565363263626139333131646236303837376437613235373962393434323334
62323265376435663135373335333335316561636636653633346332303432636238306162376561
63636533336662363231343462383661646139373336323066366131363533336530326465646164
62353736633436376135613263633435663638653937653963633262343434363634313437386431
35616530663738366637346435333164643966376435386237353562613432323737326362373462
37363261353662343431303339353830663063623461343432626334316335623961643837323634
64343762626637626464386361376435376133363362336538356165386232643633
